type;latitude;longitude;altitude (m);slope (%);distance (km);distance_interval (m);name;desc
W;49.013769700;8.305981100;108.8;;;;Rheinhafen-Dampfkraftwerk Karlsruhe, Fettweisstraße, Karlsruhe;
W;49.013444800;8.354359100;114.4;;;;Karlsruhe Lameyplatz;

type;latitude;longitude;altitude (m);slope (%);distance (km);distance_interval (m);name;desc
T;49.014040000;8.306120000;108.0;;0.000;;Rheinhafen-Dampfkraftwerk Karlsruhe, Fettweisstraße, Karlsruhe - Karlsruhe Lameyplatz;4.9 km, 0:10
T;49.014020000;8.307760000;113.1;4.3;0.120;119.99;;
T;49.014020000;8.308120000;111.8;-4.7;0.146;26.33;;
T;49.014000000;8.308250000;111.5;-3.2;0.156;9.77;;
T;49.013980000;8.308370000;111.1;-4.6;0.165;9.06;;
T;49.013810000;8.308940000;107.4;-8.0;0.211;45.78;;
T;49.013800000;8.309030000;107.4;-1.1;0.218;6.68;;
T;49.013780000;8.309110000;107.2;-2.3;0.224;6.26;;
T;49.013780000;8.309580000;107.5;0.9;0.258;34.38;;
T;49.013780000;8.309580000;107.5;;0.258;0.00;;
T;49.013780000;8.309750000;107.8;2.0;0.271;12.44;;
T;49.013770000;8.309850000;107.5;-4.2;0.278;7.40;;
T;49.013770000;8.309940000;107.3;-2.8;0.285;6.58;;
T;49.013750000;8.310160000;106.7;-3.4;0.301;16.25;;
T;49.013720000;8.311360000;104.4;-2.6;0.389;87.85;;
T;49.013680000;8.311690000;105.0;2.5;0.413;24.55;;
T;49.013660000;8.312280000;106.0;2.4;0.457;43.22;;
T;49.013610000;8.312650000;106.0;-0.1;0.484;27.63;;
T;49.013560000;8.312950000;105.8;-0.8;0.507;22.64;;
T;49.013360000;8.313400000;105.0;-2.1;0.547;39.73;;
T;49.012640000;8.315000000;105.0;0.0;0.688;141.81;;
T;49.011480000;8.317540000;106.6;0.7;0.915;226.20;;
T;49.011370000;8.317760000;106.1;-2.8;0.935;20.22;;
T;49.010810000;8.319000000;104.5;-1.4;1.045;110.03;;
T;49.010590000;8.319480000;104.9;0.8;1.088;42.80;;
T;49.008660000;8.323810000;104.2;-0.2;1.470;382.64;;
T;49.008330000;8.324580000;106.5;3.4;1.537;67.23;;
T;49.008150000;8.325150000;106.3;-0.3;1.584;46.26;;
T;49.008050000;8.325670000;105.6;-1.8;1.623;39.64;;
T;49.008030000;8.325850000;105.3;-2.6;1.637;13.36;;
T;49.008020000;8.326040000;105.5;1.4;1.651;13.94;;
T;49.008010000;8.326230000;106.4;6.9;1.665;13.94;;
T;49.008010000;8.326230000;106.4;;1.665;0.00;;
T;49.007610000;8.326220000;110.4;8.8;1.709;44.49;;
T;49.007610000;8.326220000;110.4;;1.709;0.00;;
T;49.007660000;8.327080000;110.0;-0.6;1.772;63.16;;
T;49.007840000;8.329920000;109.1;-0.4;1.981;208.74;;
T;49.007880000;8.330500000;109.0;-0.3;2.024;42.67;;
T;49.007910000;8.331420000;111.1;3.1;2.091;67.39;;
T;49.007910000;8.331850000;112.0;2.9;2.122;31.46;;
T;49.007890000;8.331930000;112.0;0.1;2.129;6.26;;
T;49.007860000;8.332420000;111.8;-0.6;2.165;36.00;;
T;49.007820000;8.332900000;109.0;-7.8;2.200;35.40;;
T;49.007710000;8.333650000;109.6;0.9;2.256;56.22;;
T;49.007710000;8.333670000;109.6;2.5;2.258;1.46;;
T;49.007670000;8.333980000;109.7;0.6;2.281;23.11;;
T;49.007650000;8.334110000;109.3;-4.9;2.291;9.77;;
T;49.007640000;8.334210000;108.8;-6.7;2.298;7.40;;
T;49.007580000;8.334690000;106.0;-7.7;2.334;35.75;;
T;49.007580000;8.334830000;105.8;-2.7;2.344;10.24;;
T;49.007570000;8.335110000;105.9;0.7;2.365;20.52;;
T;49.007580000;8.335390000;107.0;5.3;2.385;20.52;;
T;49.007590000;8.335440000;107.2;6.6;2.389;3.82;;
T;49.007600000;8.335530000;107.6;5.9;2.396;6.68;;
T;49.007620000;8.335670000;108.3;6.2;2.406;10.48;;
T;49.007650000;8.335780000;108.9;7.0;2.415;8.71;;
T;49.007680000;8.336060000;110.6;8.4;2.436;20.75;;
T;49.007680000;8.336080000;110.8;8.1;2.437;1.46;;
T;49.007680000;8.336170000;111.2;6.0;2.444;6.58;;
T;49.007680000;8.336180000;111.2;4.9;2.444;0.73;;
T;49.007690000;8.336280000;111.7;6.3;2.452;7.40;;
T;49.007710000;8.336560000;112.3;3.0;2.472;20.61;;
T;49.007720000;8.336640000;112.4;1.8;2.478;5.96;;
T;49.007730000;8.336730000;112.9;8.4;2.485;6.68;;
T;49.007810000;8.337540000;118.9;9.9;2.545;59.92;;
T;49.007820000;8.337650000;118.5;-4.1;2.553;8.12;;
T;49.007840000;8.337960000;117.9;-2.7;2.576;22.79;;
T;49.007860000;8.338120000;117.4;-4.4;2.588;11.92;;
T;49.007860000;8.338190000;117.1;-6.4;2.593;5.12;;
T;49.007860000;8.338250000;116.8;-6.4;2.597;4.39;;
T;49.007870000;8.338620000;113.6;-11.8;2.624;27.09;;
T;49.007860000;8.338790000;112.4;-9.5;2.637;12.49;;
T;49.007860000;8.338870000;111.8;-9.8;2.643;5.85;;
T;49.007840000;8.339120000;110.5;-7.4;2.661;18.42;;
T;49.007820000;8.339270000;109.8;-5.8;2.672;11.20;;
T;49.007770000;8.339670000;109.8;-0.1;2.702;29.79;;
T;49.007660000;8.340480000;116.9;11.7;2.763;60.51;;
T;49.007660000;8.340490000;116.9;4.9;2.763;0.73;;
T;49.007390000;8.342430000;115.6;-0.9;2.908;145.07;;
T;49.007180000;8.344000000;116.6;0.8;3.026;117.21;;
T;49.007170000;8.344100000;116.2;-4.9;3.033;7.40;;
T;49.007050000;8.344910000;113.9;-3.8;3.094;60.74;;
T;49.006980000;8.345360000;112.7;-3.6;3.128;33.83;;
T;49.006930000;8.345730000;112.6;-0.5;3.155;27.63;;
T;49.006890000;8.345980000;113.5;5.0;3.174;18.82;;
T;49.006870000;8.346100000;114.2;7.4;3.183;9.06;;
T;49.006840000;8.346320000;115.9;10.2;3.200;16.44;;
T;49.006830000;8.346410000;116.4;8.4;3.206;6.68;;
T;49.006830000;8.346420000;116.5;2.1;3.207;0.73;;
T;49.006780000;8.346810000;117.0;1.8;3.236;29.07;;
T;49.006710000;8.347320000;116.7;-0.7;3.274;38.12;;
T;49.006650000;8.347600000;116.6;-0.4;3.296;21.54;;
T;49.006630000;8.347730000;116.1;-4.6;3.305;9.77;;
T;49.006560000;8.347980000;115.3;-4.4;3.325;19.88;;
T;49.006460000;8.348310000;114.1;-4.5;3.352;26.58;;
T;49.006340000;8.348630000;113.9;-0.7;3.379;26.95;;
T;49.006320000;8.348640000;113.9;-1.5;3.381;2.34;;
T;49.006310000;8.348640000;113.8;-3.2;3.382;1.11;;
T;49.006300000;8.348650000;113.8;0.0;3.384;1.33;;
T;49.006220000;8.348790000;114.0;1.6;3.397;13.57;;
T;49.006110000;8.348980000;114.3;1.5;3.416;18.52;;
T;49.006100000;8.349000000;114.3;1.1;3.418;1.84;;
T;49.006020000;8.349120000;114.2;-0.9;3.430;12.50;;
T;49.005960000;8.349200000;114.0;-2.2;3.439;8.88;;
T;49.005930000;8.349230000;113.9;-2.7;3.443;3.99;;
T;49.005910000;8.349260000;113.9;-1.2;3.446;3.12;;
T;49.005820000;8.349350000;113.7;-1.5;3.458;11.98;;
T;49.005580000;8.349860000;114.0;0.6;3.504;45.88;;
T;49.005520000;8.349990000;114.1;1.1;3.516;11.62;;
T;49.005520000;8.349990000;114.1;;3.516;0.00;;
T;49.005470000;8.350070000;114.2;1.3;3.524;8.07;;
T;49.005420000;8.350180000;114.2;-0.6;3.533;9.78;;
T;49.005490000;8.350280000;114.0;-1.5;3.544;10.68;;
T;49.005640000;8.350480000;114.7;3.2;3.566;22.19;;
T;49.005720000;8.350580000;115.1;3.1;3.578;11.52;;
T;49.005970000;8.350890000;116.0;2.5;3.614;35.88;;
T;49.006450000;8.351490000;114.9;-1.7;3.683;69.11;;
T;49.006770000;8.351890000;116.2;3.0;3.729;46.07;;
T;49.007500000;8.352800000;119.1;2.7;3.834;104.99;;
T;49.007750000;8.353100000;117.3;-5.0;3.869;35.42;;
T;49.008080000;8.353520000;114.2;-6.5;3.917;47.86;;
T;49.008230000;8.353720000;113.4;-3.8;3.939;22.19;;
T;49.008360000;8.353910000;113.1;-1.4;3.959;20.06;;
T;49.008490000;8.354120000;113.6;2.2;3.980;21.10;;
T;49.008510000;8.354140000;113.6;2.7;3.983;2.66;;
T;49.008550000;8.354190000;113.8;2.2;3.989;5.76;;
T;49.008580000;8.354230000;113.9;2.3;3.993;4.44;;
T;49.008620000;8.354300000;114.1;3.2;4.000;6.78;;
T;49.008650000;8.354350000;114.3;5.0;4.005;4.95;;
T;49.008690000;8.354420000;114.6;3.9;4.012;6.78;;
T;49.008720000;8.354470000;114.7;2.7;4.017;4.95;;
T;49.008750000;8.354540000;114.8;1.6;4.023;6.11;;
T;49.008860000;8.354740000;115.6;4.2;4.042;19.07;;
T;49.008930000;8.354890000;115.4;-1.7;4.055;13.45;;
T;49.008970000;8.355000000;115.0;-4.3;4.065;9.20;;
T;49.009000000;8.355080000;115.1;0.9;4.071;6.74;;
T;49.009060000;8.355230000;114.8;-1.9;4.084;12.84;;
T;49.009120000;8.355370000;114.1;-6.1;4.096;12.22;;
T;49.009180000;8.355560000;113.0;-7.2;4.112;15.42;;
T;49.009250000;8.355770000;112.5;-2.8;4.129;17.22;;
T;49.009300000;8.355970000;111.8;-4.4;4.145;15.65;;
T;49.009370000;8.356200000;111.5;-1.5;4.163;18.54;;
T;49.009390000;8.356270000;111.7;2.8;4.169;5.58;;
T;49.009400000;8.356340000;111.9;3.7;4.174;5.24;;
T;49.009440000;8.356460000;112.3;4.1;4.184;9.84;;
T;49.009500000;8.356740000;113.5;5.6;4.205;21.54;;
T;49.009560000;8.356970000;114.2;4.4;4.224;18.10;;
T;49.009580000;8.357070000;114.5;2.8;4.231;7.65;;
T;49.009620000;8.357290000;114.9;2.6;4.248;16.70;;
T;49.009660000;8.357460000;115.3;3.3;4.261;13.21;;
T;49.009720000;8.357800000;116.1;2.9;4.287;25.75;;
T;49.009760000;8.358010000;116.9;5.0;4.303;15.99;;
T;49.009790000;8.358120000;116.8;-1.0;4.312;8.71;;
T;49.009800000;8.358190000;116.5;-4.8;4.317;5.24;;
T;49.009820000;8.358250000;116.3;-4.4;4.322;4.92;;
T;49.009840000;8.358320000;116.0;-4.5;4.327;5.58;;
T;49.009860000;8.358370000;115.8;-5.8;4.332;4.28;;
T;49.009880000;8.358430000;115.5;-6.1;4.337;4.92;;
T;49.009900000;8.358490000;115.2;-5.5;4.341;4.92;;
T;49.009920000;8.358540000;115.0;-4.5;4.346;4.28;;
T;49.009930000;8.358550000;115.0;-1.4;4.347;1.33;;
T;49.009950000;8.358600000;114.9;-3.6;4.351;4.28;;
T;49.010010000;8.358710000;114.6;-2.2;4.362;10.45;;
T;49.010090000;8.358850000;114.4;-1.9;4.375;13.57;;
T;49.010150000;8.358930000;114.6;2.6;4.384;8.88;;
T;49.010150000;8.358930000;114.6;;4.384;0.00;;
T;49.010200000;8.359010000;114.8;2.9;4.392;8.07;;
T;49.010240000;8.359090000;115.0;1.6;4.400;7.35;;
T;49.010360000;8.358900000;115.0;0.2;4.419;19.27;;
T;49.010410000;8.358820000;114.8;-3.1;4.427;8.07;;
T;49.010640000;8.358480000;114.3;-1.3;4.463;35.68;;
T;49.010740000;8.358320000;114.7;2.4;4.479;16.15;;
T;49.010850000;8.358150000;115.7;6.0;4.496;17.44;;
T;49.011000000;8.357920000;116.3;2.4;4.520;23.69;;
T;49.011220000;8.357590000;116.1;-0.5;4.554;34.37;;
T;49.011540000;8.357120000;116.7;1.2;4.604;49.48;;
T;49.011660000;8.356940000;118.0;6.4;4.623;18.75;;
T;49.011910000;8.356580000;118.9;2.4;4.661;38.30;;
T;49.011950000;8.356520000;119.0;2.5;4.667;6.25;;
T;49.012020000;8.356410000;119.5;4.4;4.678;11.20;;
T;49.012070000;8.356340000;119.6;1.7;4.686;7.56;;
T;49.012170000;8.356220000;119.5;-0.9;4.700;14.17;;
T;49.012270000;8.356100000;118.4;-7.9;4.714;14.17;;
T;49.012320000;8.356040000;117.4;-13.7;4.721;7.08;;
T;49.012670000;8.355710000;111.9;-12.1;4.767;45.80;;
T;49.012800000;8.355590000;110.1;-10.5;4.784;16.91;;
T;49.012980000;8.355420000;110.8;3.1;4.808;23.57;;
T;49.013050000;8.355350000;111.5;6.7;4.817;9.32;;
T;49.013090000;8.355320000;112.2;13.9;4.822;4.96;;
T;49.013110000;8.355280000;112.8;16.6;4.826;3.68;;
T;49.013160000;8.355210000;114.1;18.2;4.833;7.56;;
T;49.013200000;8.355120000;115.5;16.9;4.841;7.95;;
T;49.013270000;8.354930000;117.4;12.2;4.857;15.93;;
T;49.013340000;8.354640000;117.6;0.7;4.880;22.60;;
T;49.013380000;8.354480000;116.3;-10.4;4.892;12.52;;
T;49.013420000;8.354340000;114.7;-14.5;4.903;11.17;;
